分析下面红外数据

格力空调数据：
======================================================================================================================================
开机
Protocol  : TECO
Code      : 0x250000A09 (35 Bits)

uint16_t rawData[73] = {9036, 4498,  692, 1590,  650, 532,  668, 540,  668, 1614,  650, 532,  694, 514,  692, 490,  688, 494,  668, 540,  690, 1594,  650, 532,  692, 1592,  652, 558,  666, 514,  694, 490,  668, 540,  690, 490,  668, 514,  692, 514,  694, 488,  692, 490,  666, 542,  692, 490,  690, 492,  692, 516,  690, 490,  692, 488,  690, 518,  690, 1594,  654, 528,  690, 1620,  652, 528,  692, 490,  690, 1594,  654, 554,  692};  // TECO 250000A09
uint64_t data = 0x250000A09;
======================================================================================================================================
关机
Protocol  : TECO
Code      : 0x250000A01 (35 Bits)

uint16_t rawData[73] = {9028, 4506,  678, 1606,  642, 538,  642, 566,  642, 538,  644, 538,  642, 566,  644, 538,  644, 538,  642, 564,  644, 1642,  644, 538,  644, 1642,  644, 566,  644, 538,  644, 538,  644, 564,  644, 538,  646, 538,  642, 564,  644, 538,  644, 538,  644, 564,  644, 538,  644, 538,  644, 564,  642, 538,  644, 536,  644, 564,  646, 1638,  646, 538,  644, 1668,  644, 538,  644, 536,  644, 1668,  644, 538,  644};  // TECO 250000A01
uint64_t data = 0x250000A01;
======================================================================================================================================
制冷-26度--可能存在理解问题
Protocol  : TECO
Code      : 0x250000A09 (35 Bits)

uint16_t rawData[73] = {9022, 4510,  626, 1658,  622, 558,  642, 566,  628, 1658,  640, 540,  628, 580,  626, 556,  628, 554,  622, 586,  626, 1656,  642, 538,  644, 1642,  640, 568,  642, 540,  622, 558,  646, 562,  642, 540,  644, 538,  626, 582,  630, 552,  626, 554,  644, 566,  624, 556,  642, 538,  642, 566,  644, 540,  626, 556,  650, 558,  626, 1658,  642, 538,  648, 1662,  644, 538,  642, 538,  646, 1640,  642, 564,  644};  // TECO 250000A09
uint64_t data = 0x250000A09;
======================================================================================================================================

======================================================================================================================================

======================================================================================================================================

======================================================================================================================================

======================================================================================================================================

======================================================================================================================================

======================================================================================================================================

======================================================================================================================================

======================================================================================================================================

